image_width: 1280
image_height: 960
camera_name: mv_29901978
camera_matrix:
  rows: 3
  cols: 3
  data: [1087.550807, 0.000000, 647.528181, 0.000000, 1087.261684, 452.132517, 0.000000, 0.000000, 1.000000]
distortion_model: plumb_bob
distortion_coefficients:
  rows: 1
  cols: 5
  data: [-0.416271, 0.166428, -0.000858, 0.000147, 0.000000]
rectification_matrix:
  rows: 3
  cols: 3
  data: [1.000000, 0.000000, 0.000000, 0.000000, 1.000000, 0.000000, 0.000000, 0.000000, 1.000000]
projection_matrix:
  rows: 3
  cols: 4
  data: [906.792114, 0.000000, 651.051168, 0.000000, 0.000000, 989.429993, 445.488112, 0.000000, 0.000000, 0.000000, 1.000000, 0.000000]
