image_width: 1280
image_height: 960
camera_name: mv_29901979
camera_matrix:
  rows: 3
  cols: 3
  data: [932.247529, 0.000000, 635.466246, 0.000000, 932.448344, 447.605581, 0.000000, 0.000000, 1.000000]
distortion_model: plumb_bob
distortion_coefficients:
  rows: 1
  cols: 5
  data: [-0.391250, 0.120670, -0.001217, -0.000112, 0.000000]
rectification_matrix:
  rows: 3
  cols: 3
  data: [1.000000, 0.000000, 0.000000, 0.000000, 1.000000, 0.000000, 0.000000, 0.000000, 1.000000]
projection_matrix:
  rows: 3
  cols: 4
  data: [711.418518, 0.000000, 631.918172, 0.000000, 0.000000, 817.774963, 435.921379, 0.000000, 0.000000, 0.000000,  1.000000, 0.000000]
