%YAML:1.0
---
image_width: 1280
image_height: 960
camera_matrix: !!opencv-matrix
   rows: 3
   cols: 3
   dt: d
   data: [1087.550807, 0.000000, 647.528181, 0.000000, 1087.261684, 452.132517, 0.000000, 0.000000, 1.000000]
distortion_coefficients: !!opencv-matrix
   rows: 5
   cols: 1
   dt: d
   data: [-0.416271, 0.166428, -0.000858, 0.000147, 0.000000]
