%YAML:1.0
---
aruco_bc_dict: ARUCO_MIP_36h12
aruco_bc_nmarkers: 1
aruco_bc_mInfoType: 1
aruco_bc_markers:
   - { id:161, corners:[ [ -5.9999998658895493e-02,
       5.9999998658895493e-02, 0. ], [ 5.9999998658895493e-02,
       5.9999998658895493e-02, 0. ], [ 5.9999998658895493e-02,
       -5.9999998658895493e-02, 0. ], [ -5.9999998658895493e-02,
       -5.9999998658895493e-02, 0. ] ] }
