image_width: 1280
image_height: 1024
camera_name: narrow_stereo
camera_matrix:
  rows: 3
  cols: 3
  data: [490.776028, 0.000000, 629.237992, 0.000000, 490.037289, 502.375230, 0.000000, 0.000000, 1.000000]
distortion_model: plumb_bob
distortion_coefficients:
  rows: 1
  cols: 5
  data: [-0.249698, 0.042029, -0.001509, 0.000751, 0.000000]
rectification_matrix:
  rows: 3
  cols: 3
  data: [1.000000, 0.000000, 0.000000, 0.000000, 1.000000, 0.000000, 0.000000, 0.000000, 1.000000]
projection_matrix:
  rows: 3
  cols: 4
  data: [336.186127, 0.000000, 631.637167, 0.000000, 0.000000, 323.898315, 500.849156, 0.000000, 0.000000, 0.000000, 1.000000, 0.000000]
